Вычисление интеграла с границами 2..5,
с подинтегральной функцией (abs(x-tan(x))) ** m, m: -1, -0.5
ABSERR и RELERR = 10**(-6)
==========================
 
m = -1
  Result:  0.1999791E+01
  Errest:  0.1237040E-03
   NOFUN:           3921
    FLAG:         69.169
 
m = -0.5
  Result:  0.1767607E+01
  Errest:  0.2952142E-05
   NOFUN:           3921
    FLAG:         71.169
